0.06444444444444444
0.10344827586206896
0.0
0.1111111111111111
0.10344827586206896
0.0
0.3333333333333333
0.4444444444444444
0.0
0.3333333333333333
0.0
0.6666666666666666
0.0
0.0
0.0
0.0
0.0
0.0
0.0
0.0
0.017241379310344827
0.0
0.017241379310344827
0.0
0.0
0.0
0.0
0.0
0.0
0.0
0.0
0.0
0.0
0.0
0.0
0.0
0.0
0.0
0.0
0.0
0.0
0.0
0.0
0.0
0.0
0.0
0.0
0.0
0.0
0.0
0.0
0.017241379310344827
0.0
0.0
0.0
0.0
0.0
0.0
0.0
0.0
0.0
0.0
0.0
0.0
0.0
0.0
0.0
0.0
0.0
0.0
0.0
0.0
0.0
0.0
0.0
0.0
0.0
0.0
0.0
0.0
0.0
0.0